K =

   1.0e+03 *

    0.4507         0    0.4538
         0    0.1620    1.3909
         0         0    0.0010