worldPoints =

   1.0e+03 *

    0.0001   -0.0001    2.3401    0.0010
    0.0001   -0.0001    2.3401    0.0010
    0.0001   -0.0001    2.3401    0.0010
    0.0001   -0.0001    2.3401    0.0010
    0.0002   -0.0002    2.3401    0.0010
    0.0003   -0.0002    2.3401    0.0010
    0.0003   -0.0003    2.3401    0.0010
    0.0003   -0.0002    2.3401    0.0010
