a =

   1.0e+03 *

    1.1933
    2.1587
    0.0010


b =

   1.0e+03 *

    0.7505
    1.1075
    0.0010


c =

   1.0e+03 *

    1.0997
    0.9995
    0.0010


d =

   1.0e+03 *

    1.6685
    1.9463
    0.0010


e =

   1.0e+03 *

    1.5065
    3.0191
    0.0010


h =

   1.0e+03 *

    1.8377
    2.8391
    0.0010


a2 =

   1.0e+03 *

    2.8673
    1.9067
    0.0010


b2 =

   1.0e+03 *

    3.3749
    0.8915
    0.0010


c2 =

   1.0e+03 *

    3.7457
    0.9635
    0.0010


d2 =

   1.0e+03 *

    3.3533
    2.0795
    0.0010


e2 =

   1.0e+03 *

    2.7305
    2.8175
    0.0010