a_rect =

   1.0e+08 *

    8.0676   -3.1647    0.0000


b_rect =

   1.0e+08 *

    4.1508   -1.6351    0.0000


c_rect =

   1.0e+08 *

    3.7816   -1.5103    0.0000


d_rect =

   1.0e+08 *

    7.3237   -2.9020    0.0000


e_rect =

   1.0e+09 *

    1.1269   -0.4413    0.0000


h_rect =

   1.0e+09 *

    1.1269   -0.4413    0.0000


a2_rect =

   1.0e+08 *

    7.2784   -2.9440    0.0000


b2_rect =

   1.0e+08 *

    3.5745   -1.5435    0.0000


c2_rect =

   1.0e+08 *

    3.8714   -1.6762    0.0000


d2_rect =

   1.0e+08 *

    7.9570   -3.2294    0.0000


e2_rect =

   1.0e+09 *

    1.0628   -0.4227    0.0000